Debug: vertices: 320 faces: 162
Index |        X        |        Y        |        Z        |   Latitude   |  Longitude
------|-----------------|-----------------|-----------------|--------------|------------
    0 |     -0.55576791 |      0.82185003 |      0.12523799 |     7.1944999 |   124.0681325
    1 |     -0.70516682 |      0.64518753 |      0.29406259 |    17.1013347 |   137.5432609
    2 |     -0.45109043 |      0.80221537 |      0.39111114 |    23.0236552 |   119.3493047
    3 |     -0.57868933 |      0.76967233 |      0.26967233 |    15.6447696 |   126.9382075
    4 |     -0.82185003 |      0.12523799 |      0.55576791 |    33.7636228 |   171.3356122
    5 |     -0.64518753 |      0.29406259 |      0.70516682 |    44.8430231 |   155.4975224
    6 |     -0.80221537 |      0.39111114 |      0.45109043 |    26.8136667 |   154.0089693
    7 |     -0.76967233 |      0.26967233 |      0.57868933 |    35.3584095 |   160.6909217
    8 |     -0.12523799 |      0.55576791 |      0.82185003 |    55.2704201 |   102.6990470
    9 |     -0.29406259 |      0.70516682 |      0.64518753 |    40.1797369 |   112.6366918
   10 |     -0.39111114 |      0.45109043 |      0.80221537 |    53.3421784 |   130.9264284
   11 |     -0.26967233 |      0.57868933 |      0.76967233 |    50.3244736 |   114.9857718
   12 |     -0.70887567 |      0.54641583 |      0.44601012 |    26.4879839 |   142.3742314
   13 |     -0.54641583 |      0.44601012 |      0.70887567 |    45.1435105 |   140.7770706
   14 |     -0.44601012 |      0.70887567 |      0.54641583 |    33.1214694 |   122.1772657
   15 |     -0.57735027 |      0.57735027 |      0.57735027 |    35.2643897 |   135.0000000
   16 |     -0.43052992 |      0.89925137 |      0.07740134 |     4.4392100 |   115.5834595
   17 |     -0.31405569 |      0.88690750 |      0.33876852 |    19.8018634 |   109.4991545
   18 |     -0.15702784 |      0.98395605 |      0.08469213 |     4.8583214 |    99.0672740
   19 |     -0.30901699 |      0.93633900 |      0.16666667 |     9.5940682 |   108.2642764
   20 |      0.00000000 |      0.63316925 |      0.77401337 |    50.7156671 |    90.0000000
   21 |      0.15702784 |      0.78985895 |      0.59284491 |    36.3591526 |    78.7559222
   22 |     -0.15702784 |      0.78985895 |      0.59284491 |    36.3591526 |   101.2440778
   23 |      0.00000000 |      0.74535599 |      0.66666667 |    41.8103149 |    90.0000000
   24 |      0.43052992 |      0.89925137 |      0.07740134 |     4.4392100 |    64.4165405
   25 |      0.15702784 |      0.98395605 |      0.08469213 |     4.8583214 |    80.9327260
   26 |      0.31405569 |      0.88690750 |      0.33876852 |    19.8018634 |    70.5008455
   27 |      0.30901699 |      0.93633900 |      0.16666667 |     9.5940682 |    71.7357236
   28 |     -0.16245985 |      0.88411938 |      0.43810926 |    25.9833066 |   100.4121356
   29 |      0.16245985 |      0.88411938 |      0.43810926 |    25.9833066 |    79.5878644
   30 |      0.00000000 |      0.98452509 |      0.17524370 |    10.0928405 |    90.0000000
   31 |      0.00000000 |      0.93417236 |      0.35682209 |    20.9051574 |    90.0000000
   32 |     -0.43052992 |      0.89925137 |     -0.07740134 |    -4.4392100 |   115.5834595
   33 |     -0.15702784 |      0.98395605 |     -0.08469213 |    -4.8583214 |    99.0672740
   34 |     -0.31405569 |      0.88690750 |     -0.33876852 |   -19.8018634 |   109.4991545
   35 |     -0.30901699 |      0.93633900 |     -0.16666667 |    -9.5940682 |   108.2642764
   36 |      0.43052992 |      0.89925137 |     -0.07740134 |    -4.4392100 |    64.4165405
   37 |      0.31405569 |      0.88690750 |     -0.33876852 |   -19.8018634 |    70.5008455
   38 |      0.15702784 |      0.98395605 |     -0.08469213 |    -4.8583214 |    80.9327260
   39 |      0.30901699 |      0.93633900 |     -0.16666667 |    -9.5940682 |    71.7357236
   40 |      0.00000000 |      0.63316925 |     -0.77401337 |   -50.7156671 |    90.0000000
   41 |     -0.15702784 |      0.78985895 |     -0.59284491 |   -36.3591526 |   101.2440778
   42 |      0.15702784 |      0.78985895 |     -0.59284491 |   -36.3591526 |    78.7559222
   43 |      0.00000000 |      0.74535599 |     -0.66666667 |   -41.8103149 |    90.0000000
   44 |      0.00000000 |      0.98452509 |     -0.17524370 |   -10.0928405 |    90.0000000
   45 |      0.16245985 |      0.88411938 |     -0.43810926 |   -25.9833066 |    79.5878644
   46 |     -0.16245985 |      0.88411938 |     -0.43810926 |   -25.9833066 |   100.4121356
   47 |      0.00000000 |      0.93417236 |     -0.35682209 |   -20.9051574 |    90.0000000
   48 |     -0.55576791 |      0.82185003 |     -0.12523799 |    -7.1944999 |   124.0681325
   49 |     -0.45109043 |      0.80221537 |     -0.39111114 |   -23.0236552 |   119.3493047
   50 |     -0.70516682 |      0.64518753 |     -0.29406259 |   -17.1013347 |   137.5432609
   51 |     -0.57868933 |      0.76967233 |     -0.26967233 |   -15.6447696 |   126.9382075
   52 |     -0.12523799 |      0.55576791 |     -0.82185003 |   -55.2704201 |   102.6990470
   53 |     -0.39111114 |      0.45109043 |     -0.80221537 |   -53.3421784 |   130.9264284
   54 |     -0.29406259 |      0.70516682 |     -0.64518753 |   -40.1797369 |   112.6366918
   55 |     -0.26967233 |      0.57868933 |     -0.76967233 |   -50.3244736 |   114.9857718
   56 |     -0.82185003 |      0.12523799 |     -0.55576791 |   -33.7636228 |   171.3356122
   57 |     -0.80221537 |      0.39111114 |     -0.45109043 |   -26.8136667 |   154.0089693
   58 |     -0.64518753 |      0.29406259 |     -0.70516682 |   -44.8430231 |   155.4975224
   59 |     -0.76967233 |      0.26967233 |     -0.57868933 |   -35.3584095 |   160.6909217
   60 |     -0.44601012 |      0.70887567 |     -0.54641583 |   -33.1214694 |   122.1772657
   61 |     -0.54641583 |      0.44601012 |     -0.70887567 |   -45.1435105 |   140.7770706
   62 |     -0.70887567 |      0.54641583 |     -0.44601012 |   -26.4879839 |   142.3742314
   63 |     -0.57735027 |      0.57735027 |     -0.57735027 |   -35.2643897 |   135.0000000
   64 |     -0.63316925 |      0.77401337 |      0.00000000 |     0.0000000 |   129.2843329
   65 |     -0.78985895 |      0.59284491 |     -0.15702784 |    -9.0344236 |   143.1091846
   66 |     -0.78985895 |      0.59284491 |      0.15702784 |     9.0344236 |   143.1091846
   67 |     -0.74535599 |      0.66666667 |      0.00000000 |     0.0000000 |   138.1896851
   68 |     -0.89925137 |      0.07740134 |     -0.43052992 |   -25.5011946 |   175.0805006
   69 |     -0.98395605 |      0.08469213 |     -0.15702784 |    -9.0344236 |   175.0805006
   70 |     -0.88690750 |      0.33876852 |     -0.31405569 |   -18.3038161 |   159.0948426
   71 |     -0.93633900 |      0.16666667 |     -0.30901699 |   -18.0000000 |   169.9071595
   72 |     -0.89925137 |      0.07740134 |      0.43052992 |    25.5011946 |   175.0805006
   73 |     -0.88690750 |      0.33876852 |      0.31405569 |    18.3038161 |   159.0948426
   74 |     -0.98395605 |      0.08469213 |      0.15702784 |     9.0344236 |   175.0805006
   75 |     -0.93633900 |      0.16666667 |      0.30901699 |    18.0000000 |   169.9071595
   76 |     -0.88411938 |      0.43810926 |     -0.16245985 |    -9.3497035 |   153.6401222
   77 |     -0.98452509 |      0.17524370 |      0.00000000 |     0.0000000 |   169.9071595
   78 |     -0.88411938 |      0.43810926 |      0.16245985 |     9.3497035 |   153.6401222
   79 |     -0.93417236 |      0.35682209 |      0.00000000 |     0.0000000 |   159.0948426
   80 |      0.55576791 |      0.82185003 |      0.12523799 |     7.1944999 |    55.9318675
   81 |      0.45109043 |      0.80221537 |      0.39111114 |    23.0236552 |    60.6506953
   82 |      0.70516682 |      0.64518753 |      0.29406259 |    17.1013347 |    42.4567391
   83 |      0.57868933 |      0.76967233 |      0.26967233 |    15.6447696 |    53.0617925
   84 |      0.12523799 |      0.55576791 |      0.82185003 |    55.2704201 |    77.3009530
   85 |      0.39111114 |      0.45109043 |      0.80221537 |    53.3421784 |    49.0735716
   86 |      0.29406259 |      0.70516682 |      0.64518753 |    40.1797369 |    67.3633082
   87 |      0.26967233 |      0.57868933 |      0.76967233 |    50.3244736 |    65.0142282
   88 |      0.82185003 |      0.12523799 |      0.55576791 |    33.7636228 |     8.6643878
   89 |      0.80221537 |      0.39111114 |      0.45109043 |    26.8136667 |    25.9910307
   90 |      0.64518753 |      0.29406259 |      0.70516682 |    44.8430231 |    24.5024776
   91 |      0.76967233 |      0.26967233 |      0.57868933 |    35.3584095 |    19.3090783
   92 |      0.44601012 |      0.70887567 |      0.54641583 |    33.1214694 |    57.8227343
   93 |      0.54641583 |      0.44601012 |      0.70887567 |    45.1435105 |    39.2229294
   94 |      0.70887567 |      0.54641583 |      0.44601012 |    26.4879839 |    37.6257686
   95 |      0.57735027 |      0.57735027 |      0.57735027 |    35.2643897 |    45.0000000
   96 |     -0.07740134 |      0.43052992 |      0.89925137 |    64.0598368 |   100.1918500
   97 |     -0.08469213 |      0.15702784 |      0.98395605 |    79.7227787 |   118.3399674
   98 |     -0.33876852 |      0.31405569 |      0.88690750 |    62.4871807 |   137.1679115
   99 |     -0.16666667 |      0.30901699 |      0.93633900 |    69.4455573 |   118.3399674
  100 |     -0.07740134 |     -0.43052992 |      0.89925137 |    64.0598368 |  -100.1918500
  101 |     -0.33876852 |     -0.31405569 |      0.88690750 |    62.4871807 |  -137.1679115
  102 |     -0.08469213 |     -0.15702784 |      0.98395605 |    79.7227787 |  -118.3399674
  103 |     -0.16666667 |     -0.30901699 |      0.93633900 |    69.4455573 |  -118.3399674
  104 |     -0.77401337 |      0.00000000 |      0.63316925 |    39.2843329 |   180.0000000
  105 |     -0.59284491 |      0.15702784 |      0.78985895 |    52.1723325 |   165.1646413
  106 |     -0.59284491 |     -0.15702784 |      0.78985895 |    52.1723325 |  -165.1646413
  107 |     -0.66666667 |      0.00000000 |      0.74535599 |    48.1896851 |   180.0000000
  108 |     -0.17524370 |      0.00000000 |      0.98452509 |    79.9071595 |   180.0000000
  109 |     -0.43810926 |     -0.16245985 |      0.88411938 |    62.1433457 |  -159.6541924
  110 |     -0.43810926 |      0.16245985 |      0.88411938 |    62.1433457 |   159.6541924
  111 |     -0.35682209 |      0.00000000 |      0.93417236 |    69.0948426 |   180.0000000
  112 |     -0.89925137 |     -0.07740134 |      0.43052992 |    25.5011946 |  -175.0805006
  113 |     -0.88690750 |     -0.33876852 |      0.31405569 |    18.3038161 |  -159.0948426
  114 |     -0.98395605 |     -0.08469213 |      0.15702784 |     9.0344236 |  -175.0805006
  115 |     -0.93633900 |     -0.16666667 |      0.30901699 |    18.0000000 |  -169.9071595
  116 |     -0.63316925 |     -0.77401337 |      0.00000000 |     0.0000000 |  -129.2843329
  117 |     -0.78985895 |     -0.59284491 |     -0.15702784 |    -9.0344236 |  -143.1091846
  118 |     -0.78985895 |     -0.59284491 |      0.15702784 |     9.0344236 |  -143.1091846
  119 |     -0.74535599 |     -0.66666667 |      0.00000000 |     0.0000000 |  -138.1896851
  120 |     -0.89925137 |     -0.07740134 |     -0.43052992 |   -25.5011946 |  -175.0805006
  121 |     -0.98395605 |     -0.08469213 |     -0.15702784 |    -9.0344236 |  -175.0805006
  122 |     -0.88690750 |     -0.33876852 |     -0.31405569 |   -18.3038161 |  -159.0948426
  123 |     -0.93633900 |     -0.16666667 |     -0.30901699 |   -18.0000000 |  -169.9071595
  124 |     -0.88411938 |     -0.43810926 |      0.16245985 |     9.3497035 |  -153.6401222
  125 |     -0.88411938 |     -0.43810926 |     -0.16245985 |    -9.3497035 |  -153.6401222
  126 |     -0.98452509 |     -0.17524370 |      0.00000000 |     0.0000000 |  -169.9071595
  127 |     -0.93417236 |     -0.35682209 |      0.00000000 |     0.0000000 |  -159.0948426
  128 |     -0.77401337 |      0.00000000 |     -0.63316925 |   -39.2843329 |   180.0000000
  129 |     -0.59284491 |     -0.15702784 |     -0.78985895 |   -52.1723325 |  -165.1646413
  130 |     -0.59284491 |      0.15702784 |     -0.78985895 |   -52.1723325 |   165.1646413
  131 |     -0.66666667 |      0.00000000 |     -0.74535599 |   -48.1896851 |   180.0000000
  132 |     -0.07740134 |     -0.43052992 |     -0.89925137 |   -64.0598368 |  -100.1918500
  133 |     -0.08469213 |     -0.15702784 |     -0.98395605 |   -79.7227787 |  -118.3399674
  134 |     -0.33876852 |     -0.31405569 |     -0.88690750 |   -62.4871807 |  -137.1679115
  135 |     -0.16666667 |     -0.30901699 |     -0.93633900 |   -69.4455573 |  -118.3399674
  136 |     -0.07740134 |      0.43052992 |     -0.89925137 |   -64.0598368 |   100.1918500
  137 |     -0.33876852 |      0.31405569 |     -0.88690750 |   -62.4871807 |   137.1679115
  138 |     -0.08469213 |      0.15702784 |     -0.98395605 |   -79.7227787 |   118.3399674
  139 |     -0.16666667 |      0.30901699 |     -0.93633900 |   -69.4455573 |   118.3399674
  140 |     -0.43810926 |     -0.16245985 |     -0.88411938 |   -62.1433457 |  -159.6541924
  141 |     -0.17524370 |      0.00000000 |     -0.98452509 |   -79.9071595 |   180.0000000
  142 |     -0.43810926 |      0.16245985 |     -0.88411938 |   -62.1433457 |   159.6541924
  143 |     -0.35682209 |      0.00000000 |     -0.93417236 |   -69.0948426 |   180.0000000
  144 |      0.12523799 |      0.55576791 |     -0.82185003 |   -55.2704201 |    77.3009530
  145 |      0.39111114 |      0.45109043 |     -0.80221537 |   -53.3421784 |    49.0735716
  146 |      0.29406259 |      0.70516682 |     -0.64518753 |   -40.1797369 |    67.3633082
  147 |      0.26967233 |      0.57868933 |     -0.76967233 |   -50.3244736 |    65.0142282
  148 |      0.82185003 |      0.12523799 |     -0.55576791 |   -33.7636228 |     8.6643878
  149 |      0.80221537 |      0.39111114 |     -0.45109043 |   -26.8136667 |    25.9910307
  150 |      0.64518753 |      0.29406259 |     -0.70516682 |   -44.8430231 |    24.5024776
  151 |      0.76967233 |      0.26967233 |     -0.57868933 |   -35.3584095 |    19.3090783
  152 |      0.55576791 |      0.82185003 |     -0.12523799 |    -7.1944999 |    55.9318675
  153 |      0.45109043 |      0.80221537 |     -0.39111114 |   -23.0236552 |    60.6506953
  154 |      0.70516682 |      0.64518753 |     -0.29406259 |   -17.1013347 |    42.4567391
  155 |      0.57868933 |      0.76967233 |     -0.26967233 |   -15.6447696 |    53.0617925
  156 |      0.54641583 |      0.44601012 |     -0.70887567 |   -45.1435105 |    39.2229294
  157 |      0.70887567 |      0.54641583 |     -0.44601012 |   -26.4879839 |    37.6257686
  158 |      0.44601012 |      0.70887567 |     -0.54641583 |   -33.1214694 |    57.8227343
  159 |      0.57735027 |      0.57735027 |     -0.57735027 |   -35.2643897 |    45.0000000
  160 |      0.55576791 |     -0.82185003 |      0.12523799 |     7.1944999 |   -55.9318675
  161 |      0.70516682 |     -0.64518753 |      0.29406259 |    17.1013347 |   -42.4567391
  162 |      0.45109043 |     -0.80221537 |      0.39111114 |    23.0236552 |   -60.6506953
  163 |      0.57868933 |     -0.76967233 |      0.26967233 |    15.6447696 |   -53.0617925
  164 |      0.82185003 |     -0.12523799 |      0.55576791 |    33.7636228 |    -8.6643878
  165 |      0.64518753 |     -0.29406259 |      0.70516682 |    44.8430231 |   -24.5024776
  166 |      0.80221537 |     -0.39111114 |      0.45109043 |    26.8136667 |   -25.9910307
  167 |      0.76967233 |     -0.26967233 |      0.57868933 |    35.3584095 |   -19.3090783
  168 |      0.12523799 |     -0.55576791 |      0.82185003 |    55.2704201 |   -77.3009530
  169 |      0.29406259 |     -0.70516682 |      0.64518753 |    40.1797369 |   -67.3633082
  170 |      0.39111114 |     -0.45109043 |      0.80221537 |    53.3421784 |   -49.0735716
  171 |      0.26967233 |     -0.57868933 |      0.76967233 |    50.3244736 |   -65.0142282
  172 |      0.70887567 |     -0.54641583 |      0.44601012 |    26.4879839 |   -37.6257686
  173 |      0.54641583 |     -0.44601012 |      0.70887567 |    45.1435105 |   -39.2229294
  174 |      0.44601012 |     -0.70887567 |      0.54641583 |    33.1214694 |   -57.8227343
  175 |      0.57735027 |     -0.57735027 |      0.57735027 |    35.2643897 |   -45.0000000
  176 |     -0.43052992 |     -0.89925137 |      0.07740134 |     4.4392100 |  -115.5834595
  177 |     -0.15702784 |     -0.98395605 |      0.08469213 |     4.8583214 |   -99.0672740
  178 |     -0.31405569 |     -0.88690750 |      0.33876852 |    19.8018634 |  -109.4991545
  179 |     -0.30901699 |     -0.93633900 |      0.16666667 |     9.5940682 |  -108.2642764
  180 |      0.43052992 |     -0.89925137 |      0.07740134 |     4.4392100 |   -64.4165405
  181 |      0.31405569 |     -0.88690750 |      0.33876852 |    19.8018634 |   -70.5008455
  182 |      0.15702784 |     -0.98395605 |      0.08469213 |     4.8583214 |   -80.9327260
  183 |      0.30901699 |     -0.93633900 |      0.16666667 |     9.5940682 |   -71.7357236
  184 |      0.00000000 |     -0.63316925 |      0.77401337 |    50.7156671 |   -90.0000000
  185 |     -0.15702784 |     -0.78985895 |      0.59284491 |    36.3591526 |  -101.2440778
  186 |      0.15702784 |     -0.78985895 |      0.59284491 |    36.3591526 |   -78.7559222
  187 |      0.00000000 |     -0.74535599 |      0.66666667 |    41.8103149 |   -90.0000000
  188 |      0.00000000 |     -0.98452509 |      0.17524370 |    10.0928405 |   -90.0000000
  189 |      0.16245985 |     -0.88411938 |      0.43810926 |    25.9833066 |   -79.5878644
  190 |     -0.16245985 |     -0.88411938 |      0.43810926 |    25.9833066 |  -100.4121356
  191 |      0.00000000 |     -0.93417236 |      0.35682209 |    20.9051574 |   -90.0000000
  192 |      0.00000000 |     -0.63316925 |     -0.77401337 |   -50.7156671 |   -90.0000000
  193 |      0.15702784 |     -0.78985895 |     -0.59284491 |   -36.3591526 |   -78.7559222
  194 |     -0.15702784 |     -0.78985895 |     -0.59284491 |   -36.3591526 |  -101.2440778
  195 |      0.00000000 |     -0.74535599 |     -0.66666667 |   -41.8103149 |   -90.0000000
  196 |      0.43052992 |     -0.89925137 |     -0.07740134 |    -4.4392100 |   -64.4165405
  197 |      0.15702784 |     -0.98395605 |     -0.08469213 |    -4.8583214 |   -80.9327260
  198 |      0.31405569 |     -0.88690750 |     -0.33876852 |   -19.8018634 |   -70.5008455
  199 |      0.30901699 |     -0.93633900 |     -0.16666667 |    -9.5940682 |   -71.7357236
  200 |     -0.43052992 |     -0.89925137 |     -0.07740134 |    -4.4392100 |  -115.5834595
  201 |     -0.31405569 |     -0.88690750 |     -0.33876852 |   -19.8018634 |  -109.4991545
  202 |     -0.15702784 |     -0.98395605 |     -0.08469213 |    -4.8583214 |   -99.0672740
  203 |     -0.30901699 |     -0.93633900 |     -0.16666667 |    -9.5940682 |  -108.2642764
  204 |      0.16245985 |     -0.88411938 |     -0.43810926 |   -25.9833066 |   -79.5878644
  205 |      0.00000000 |     -0.98452509 |     -0.17524370 |   -10.0928405 |   -90.0000000
  206 |     -0.16245985 |     -0.88411938 |     -0.43810926 |   -25.9833066 |  -100.4121356
  207 |      0.00000000 |     -0.93417236 |     -0.35682209 |   -20.9051574 |   -90.0000000
  208 |      0.82185003 |     -0.12523799 |     -0.55576791 |   -33.7636228 |    -8.6643878
  209 |      0.80221537 |     -0.39111114 |     -0.45109043 |   -26.8136667 |   -25.9910307
  210 |      0.64518753 |     -0.29406259 |     -0.70516682 |   -44.8430231 |   -24.5024776
  211 |      0.76967233 |     -0.26967233 |     -0.57868933 |   -35.3584095 |   -19.3090783
  212 |      0.55576791 |     -0.82185003 |     -0.12523799 |    -7.1944999 |   -55.9318675
  213 |      0.45109043 |     -0.80221537 |     -0.39111114 |   -23.0236552 |   -60.6506953
  214 |      0.70516682 |     -0.64518753 |     -0.29406259 |   -17.1013347 |   -42.4567391
  215 |      0.57868933 |     -0.76967233 |     -0.26967233 |   -15.6447696 |   -53.0617925
  216 |      0.12523799 |     -0.55576791 |     -0.82185003 |   -55.2704201 |   -77.3009530
  217 |      0.39111114 |     -0.45109043 |     -0.80221537 |   -53.3421784 |   -49.0735716
  218 |      0.29406259 |     -0.70516682 |     -0.64518753 |   -40.1797369 |   -67.3633082
  219 |      0.26967233 |     -0.57868933 |     -0.76967233 |   -50.3244736 |   -65.0142282
  220 |      0.70887567 |     -0.54641583 |     -0.44601012 |   -26.4879839 |   -37.6257686
  221 |      0.44601012 |     -0.70887567 |     -0.54641583 |   -33.1214694 |   -57.8227343
  222 |      0.54641583 |     -0.44601012 |     -0.70887567 |   -45.1435105 |   -39.2229294
  223 |      0.57735027 |     -0.57735027 |     -0.57735027 |   -35.2643897 |   -45.0000000
  224 |      0.89925137 |     -0.07740134 |      0.43052992 |    25.5011946 |    -4.9194994
  225 |      0.88690750 |     -0.33876852 |      0.31405569 |    18.3038161 |   -20.9051574
  226 |      0.98395605 |     -0.08469213 |      0.15702784 |     9.0344236 |    -4.9194994
  227 |      0.93633900 |     -0.16666667 |      0.30901699 |    18.0000000 |   -10.0928405
  228 |      0.63316925 |     -0.77401337 |      0.00000000 |     0.0000000 |   -50.7156671
  229 |      0.78985895 |     -0.59284491 |     -0.15702784 |    -9.0344236 |   -36.8908154
  230 |      0.78985895 |     -0.59284491 |      0.15702784 |     9.0344236 |   -36.8908154
  231 |      0.74535599 |     -0.66666667 |      0.00000000 |     0.0000000 |   -41.8103149
  232 |      0.89925137 |     -0.07740134 |     -0.43052992 |   -25.5011946 |    -4.9194994
  233 |      0.98395605 |     -0.08469213 |     -0.15702784 |    -9.0344236 |    -4.9194994
  234 |      0.88690750 |     -0.33876852 |     -0.31405569 |   -18.3038161 |   -20.9051574
  235 |      0.93633900 |     -0.16666667 |     -0.30901699 |   -18.0000000 |   -10.0928405
  236 |      0.88411938 |     -0.43810926 |      0.16245985 |     9.3497035 |   -26.3598778
  237 |      0.88411938 |     -0.43810926 |     -0.16245985 |    -9.3497035 |   -26.3598778
  238 |      0.98452509 |     -0.17524370 |      0.00000000 |     0.0000000 |   -10.0928405
  239 |      0.93417236 |     -0.35682209 |      0.00000000 |     0.0000000 |   -20.9051574
  240 |      0.07740134 |     -0.43052992 |      0.89925137 |    64.0598368 |   -79.8081500
  241 |      0.33876852 |     -0.31405569 |      0.88690750 |    62.4871807 |   -42.8320885
  242 |      0.08469213 |     -0.15702784 |      0.98395605 |    79.7227787 |   -61.6600326
  243 |      0.16666667 |     -0.30901699 |      0.93633900 |    69.4455573 |   -61.6600326
  244 |      0.77401337 |      0.00000000 |      0.63316925 |    39.2843329 |     0.0000000
  245 |      0.59284491 |      0.15702784 |      0.78985895 |    52.1723325 |    14.8353587
  246 |      0.59284491 |     -0.15702784 |      0.78985895 |    52.1723325 |   -14.8353587
  247 |      0.66666667 |      0.00000000 |      0.74535599 |    48.1896851 |     0.0000000
  248 |      0.07740134 |      0.43052992 |      0.89925137 |    64.0598368 |    79.8081500
  249 |      0.08469213 |      0.15702784 |      0.98395605 |    79.7227787 |    61.6600326
  250 |      0.33876852 |      0.31405569 |      0.88690750 |    62.4871807 |    42.8320885
  251 |      0.16666667 |      0.30901699 |      0.93633900 |    69.4455573 |    61.6600326
  252 |      0.43810926 |     -0.16245985 |      0.88411938 |    62.1433457 |   -20.3458076
  253 |      0.43810926 |      0.16245985 |      0.88411938 |    62.1433457 |    20.3458076
  254 |      0.17524370 |      0.00000000 |      0.98452509 |    79.9071595 |     0.0000000
  255 |      0.35682209 |      0.00000000 |      0.93417236 |    69.0948426 |     0.0000000
  256 |     -0.12523799 |     -0.55576791 |      0.82185003 |    55.2704201 |  -102.6990470
  257 |     -0.39111114 |     -0.45109043 |      0.80221537 |    53.3421784 |  -130.9264284
  258 |     -0.29406259 |     -0.70516682 |      0.64518753 |    40.1797369 |  -112.6366918
  259 |     -0.26967233 |     -0.57868933 |      0.76967233 |    50.3244736 |  -114.9857718
  260 |     -0.82185003 |     -0.12523799 |      0.55576791 |    33.7636228 |  -171.3356122
  261 |     -0.80221537 |     -0.39111114 |      0.45109043 |    26.8136667 |  -154.0089693
  262 |     -0.64518753 |     -0.29406259 |      0.70516682 |    44.8430231 |  -155.4975224
  263 |     -0.76967233 |     -0.26967233 |      0.57868933 |    35.3584095 |  -160.6909217
  264 |     -0.55576791 |     -0.82185003 |      0.12523799 |     7.1944999 |  -124.0681325
  265 |     -0.45109043 |     -0.80221537 |      0.39111114 |    23.0236552 |  -119.3493047
  266 |     -0.70516682 |     -0.64518753 |      0.29406259 |    17.1013347 |  -137.5432609
  267 |     -0.57868933 |     -0.76967233 |      0.26967233 |    15.6447696 |  -126.9382075
  268 |     -0.54641583 |     -0.44601012 |      0.70887567 |    45.1435105 |  -140.7770706
  269 |     -0.70887567 |     -0.54641583 |      0.44601012 |    26.4879839 |  -142.3742314
  270 |     -0.44601012 |     -0.70887567 |      0.54641583 |    33.1214694 |  -122.1772657
  271 |     -0.57735027 |     -0.57735027 |      0.57735027 |    35.2643897 |  -135.0000000
  272 |     -0.55576791 |     -0.82185003 |     -0.12523799 |    -7.1944999 |  -124.0681325
  273 |     -0.45109043 |     -0.80221537 |     -0.39111114 |   -23.0236552 |  -119.3493047
  274 |     -0.70516682 |     -0.64518753 |     -0.29406259 |   -17.1013347 |  -137.5432609
  275 |     -0.57868933 |     -0.76967233 |     -0.26967233 |   -15.6447696 |  -126.9382075
  276 |     -0.12523799 |     -0.55576791 |     -0.82185003 |   -55.2704201 |  -102.6990470
  277 |     -0.39111114 |     -0.45109043 |     -0.80221537 |   -53.3421784 |  -130.9264284
  278 |     -0.29406259 |     -0.70516682 |     -0.64518753 |   -40.1797369 |  -112.6366918
  279 |     -0.26967233 |     -0.57868933 |     -0.76967233 |   -50.3244736 |  -114.9857718
  280 |     -0.82185003 |     -0.12523799 |     -0.55576791 |   -33.7636228 |  -171.3356122
  281 |     -0.80221537 |     -0.39111114 |     -0.45109043 |   -26.8136667 |  -154.0089693
  282 |     -0.64518753 |     -0.29406259 |     -0.70516682 |   -44.8430231 |  -155.4975224
  283 |     -0.76967233 |     -0.26967233 |     -0.57868933 |   -35.3584095 |  -160.6909217
  284 |     -0.44601012 |     -0.70887567 |     -0.54641583 |   -33.1214694 |  -122.1772657
  285 |     -0.54641583 |     -0.44601012 |     -0.70887567 |   -45.1435105 |  -140.7770706
  286 |     -0.70887567 |     -0.54641583 |     -0.44601012 |   -26.4879839 |  -142.3742314
  287 |     -0.57735027 |     -0.57735027 |     -0.57735027 |   -35.2643897 |  -135.0000000
  288 |      0.07740134 |     -0.43052992 |     -0.89925137 |   -64.0598368 |   -79.8081500
  289 |      0.33876852 |     -0.31405569 |     -0.88690750 |   -62.4871807 |   -42.8320885
  290 |      0.08469213 |     -0.15702784 |     -0.98395605 |   -79.7227787 |   -61.6600326
  291 |      0.16666667 |     -0.30901699 |     -0.93633900 |   -69.4455573 |   -61.6600326
  292 |      0.77401337 |      0.00000000 |     -0.63316925 |   -39.2843329 |     0.0000000
  293 |      0.59284491 |      0.15702784 |     -0.78985895 |   -52.1723325 |    14.8353587
  294 |      0.59284491 |     -0.15702784 |     -0.78985895 |   -52.1723325 |   -14.8353587
  295 |      0.66666667 |      0.00000000 |     -0.74535599 |   -48.1896851 |     0.0000000
  296 |      0.07740134 |      0.43052992 |     -0.89925137 |   -64.0598368 |    79.8081500
  297 |      0.08469213 |      0.15702784 |     -0.98395605 |   -79.7227787 |    61.6600326
  298 |      0.33876852 |      0.31405569 |     -0.88690750 |   -62.4871807 |    42.8320885
  299 |      0.16666667 |      0.30901699 |     -0.93633900 |   -69.4455573 |    61.6600326
  300 |      0.43810926 |     -0.16245985 |     -0.88411938 |   -62.1433457 |   -20.3458076
  301 |      0.43810926 |      0.16245985 |     -0.88411938 |   -62.1433457 |    20.3458076
  302 |      0.17524370 |      0.00000000 |     -0.98452509 |   -79.9071595 |     0.0000000
  303 |      0.35682209 |      0.00000000 |     -0.93417236 |   -69.0948426 |     0.0000000
  304 |      0.89925137 |      0.07740134 |     -0.43052992 |   -25.5011946 |     4.9194994
  305 |      0.98395605 |      0.08469213 |     -0.15702784 |    -9.0344236 |     4.9194994
  306 |      0.88690750 |      0.33876852 |     -0.31405569 |   -18.3038161 |    20.9051574
  307 |      0.93633900 |      0.16666667 |     -0.30901699 |   -18.0000000 |    10.0928405
  308 |      0.89925137 |      0.07740134 |      0.43052992 |    25.5011946 |     4.9194994
  309 |      0.88690750 |      0.33876852 |      0.31405569 |    18.3038161 |    20.9051574
  310 |      0.98395605 |      0.08469213 |      0.15702784 |     9.0344236 |     4.9194994
  311 |      0.93633900 |      0.16666667 |      0.30901699 |    18.0000000 |    10.0928405
  312 |      0.63316925 |      0.77401337 |      0.00000000 |     0.0000000 |    50.7156671
  313 |      0.78985895 |      0.59284491 |     -0.15702784 |    -9.0344236 |    36.8908154
  314 |      0.78985895 |      0.59284491 |      0.15702784 |     9.0344236 |    36.8908154
  315 |      0.74535599 |      0.66666667 |      0.00000000 |     0.0000000 |    41.8103149
  316 |      0.98452509 |      0.17524370 |      0.00000000 |     0.0000000 |    10.0928405
  317 |      0.88411938 |      0.43810926 |      0.16245985 |     9.3497035 |    26.3598778
  318 |      0.88411938 |      0.43810926 |     -0.16245985 |    -9.3497035 |    26.3598778
  319 |      0.93417236 |      0.35682209 |      0.00000000 |     0.0000000 |    20.9051574
