Debug: vertices: 80 faces: 42
Index |        X        |        Y        |        Z        |   Latitude   |  Longitude
------|-----------------|-----------------|-----------------|--------------|------------
    0 |     -0.57868933 |      0.76967233 |      0.26967233 |    15.6447696 |   126.9382075
    1 |     -0.76967233 |      0.26967233 |      0.57868933 |    35.3584095 |   160.6909217
    2 |     -0.26967233 |      0.57868933 |      0.76967233 |    50.3244736 |   114.9857718
    3 |     -0.57735027 |      0.57735027 |      0.57735027 |    35.2643897 |   135.0000000
    4 |     -0.30901699 |      0.93633900 |      0.16666667 |     9.5940682 |   108.2642764
    5 |      0.00000000 |      0.74535599 |      0.66666667 |    41.8103149 |    90.0000000
    6 |      0.30901699 |      0.93633900 |      0.16666667 |     9.5940682 |    71.7357236
    7 |      0.00000000 |      0.93417236 |      0.35682209 |    20.9051574 |    90.0000000
    8 |     -0.30901699 |      0.93633900 |     -0.16666667 |    -9.5940682 |   108.2642764
    9 |      0.30901699 |      0.93633900 |     -0.16666667 |    -9.5940682 |    71.7357236
   10 |      0.00000000 |      0.74535599 |     -0.66666667 |   -41.8103149 |    90.0000000
   11 |      0.00000000 |      0.93417236 |     -0.35682209 |   -20.9051574 |    90.0000000
   12 |     -0.57868933 |      0.76967233 |     -0.26967233 |   -15.6447696 |   126.9382075
   13 |     -0.26967233 |      0.57868933 |     -0.76967233 |   -50.3244736 |   114.9857718
   14 |     -0.76967233 |      0.26967233 |     -0.57868933 |   -35.3584095 |   160.6909217
   15 |     -0.57735027 |      0.57735027 |     -0.57735027 |   -35.2643897 |   135.0000000
   16 |     -0.74535599 |      0.66666667 |      0.00000000 |     0.0000000 |   138.1896851
   17 |     -0.93633900 |      0.16666667 |     -0.30901699 |   -18.0000000 |   169.9071595
   18 |     -0.93633900 |      0.16666667 |      0.30901699 |    18.0000000 |   169.9071595
   19 |     -0.93417236 |      0.35682209 |      0.00000000 |     0.0000000 |   159.0948426
   20 |      0.57868933 |      0.76967233 |      0.26967233 |    15.6447696 |    53.0617925
   21 |      0.26967233 |      0.57868933 |      0.76967233 |    50.3244736 |    65.0142282
   22 |      0.76967233 |      0.26967233 |      0.57868933 |    35.3584095 |    19.3090783
   23 |      0.57735027 |      0.57735027 |      0.57735027 |    35.2643897 |    45.0000000
   24 |     -0.16666667 |      0.30901699 |      0.93633900 |    69.4455573 |   118.3399674
   25 |     -0.16666667 |     -0.30901699 |      0.93633900 |    69.4455573 |  -118.3399674
   26 |     -0.66666667 |      0.00000000 |      0.74535599 |    48.1896851 |   180.0000000
   27 |     -0.35682209 |      0.00000000 |      0.93417236 |    69.0948426 |   180.0000000
   28 |     -0.93633900 |     -0.16666667 |      0.30901699 |    18.0000000 |  -169.9071595
   29 |     -0.74535599 |     -0.66666667 |      0.00000000 |     0.0000000 |  -138.1896851
   30 |     -0.93633900 |     -0.16666667 |     -0.30901699 |   -18.0000000 |  -169.9071595
   31 |     -0.93417236 |     -0.35682209 |      0.00000000 |     0.0000000 |  -159.0948426
   32 |     -0.66666667 |      0.00000000 |     -0.74535599 |   -48.1896851 |   180.0000000
   33 |     -0.16666667 |     -0.30901699 |     -0.93633900 |   -69.4455573 |  -118.3399674
   34 |     -0.16666667 |      0.30901699 |     -0.93633900 |   -69.4455573 |   118.3399674
   35 |     -0.35682209 |      0.00000000 |     -0.93417236 |   -69.0948426 |   180.0000000
   36 |      0.26967233 |      0.57868933 |     -0.76967233 |   -50.3244736 |    65.0142282
   37 |      0.76967233 |      0.26967233 |     -0.57868933 |   -35.3584095 |    19.3090783
   38 |      0.57868933 |      0.76967233 |     -0.26967233 |   -15.6447696 |    53.0617925
   39 |      0.57735027 |      0.57735027 |     -0.57735027 |   -35.2643897 |    45.0000000
   40 |      0.57868933 |     -0.76967233 |      0.26967233 |    15.6447696 |   -53.0617925
   41 |      0.76967233 |     -0.26967233 |      0.57868933 |    35.3584095 |   -19.3090783
   42 |      0.26967233 |     -0.57868933 |      0.76967233 |    50.3244736 |   -65.0142282
   43 |      0.57735027 |     -0.57735027 |      0.57735027 |    35.2643897 |   -45.0000000
   44 |     -0.30901699 |     -0.93633900 |      0.16666667 |     9.5940682 |  -108.2642764
   45 |      0.30901699 |     -0.93633900 |      0.16666667 |     9.5940682 |   -71.7357236
   46 |      0.00000000 |     -0.74535599 |      0.66666667 |    41.8103149 |   -90.0000000
   47 |      0.00000000 |     -0.93417236 |      0.35682209 |    20.9051574 |   -90.0000000
   48 |      0.00000000 |     -0.74535599 |     -0.66666667 |   -41.8103149 |   -90.0000000
   49 |      0.30901699 |     -0.93633900 |     -0.16666667 |    -9.5940682 |   -71.7357236
   50 |     -0.30901699 |     -0.93633900 |     -0.16666667 |    -9.5940682 |  -108.2642764
   51 |      0.00000000 |     -0.93417236 |     -0.35682209 |   -20.9051574 |   -90.0000000
   52 |      0.76967233 |     -0.26967233 |     -0.57868933 |   -35.3584095 |   -19.3090783
   53 |      0.57868933 |     -0.76967233 |     -0.26967233 |   -15.6447696 |   -53.0617925
   54 |      0.26967233 |     -0.57868933 |     -0.76967233 |   -50.3244736 |   -65.0142282
   55 |      0.57735027 |     -0.57735027 |     -0.57735027 |   -35.2643897 |   -45.0000000
   56 |      0.93633900 |     -0.16666667 |      0.30901699 |    18.0000000 |   -10.0928405
   57 |      0.74535599 |     -0.66666667 |      0.00000000 |     0.0000000 |   -41.8103149
   58 |      0.93633900 |     -0.16666667 |     -0.30901699 |   -18.0000000 |   -10.0928405
   59 |      0.93417236 |     -0.35682209 |      0.00000000 |     0.0000000 |   -20.9051574
   60 |      0.16666667 |     -0.30901699 |      0.93633900 |    69.4455573 |   -61.6600326
   61 |      0.66666667 |      0.00000000 |      0.74535599 |    48.1896851 |     0.0000000
   62 |      0.16666667 |      0.30901699 |      0.93633900 |    69.4455573 |    61.6600326
   63 |      0.35682209 |      0.00000000 |      0.93417236 |    69.0948426 |     0.0000000
   64 |     -0.26967233 |     -0.57868933 |      0.76967233 |    50.3244736 |  -114.9857718
   65 |     -0.76967233 |     -0.26967233 |      0.57868933 |    35.3584095 |  -160.6909217
   66 |     -0.57868933 |     -0.76967233 |      0.26967233 |    15.6447696 |  -126.9382075
   67 |     -0.57735027 |     -0.57735027 |      0.57735027 |    35.2643897 |  -135.0000000
   68 |     -0.57868933 |     -0.76967233 |     -0.26967233 |   -15.6447696 |  -126.9382075
   69 |     -0.26967233 |     -0.57868933 |     -0.76967233 |   -50.3244736 |  -114.9857718
   70 |     -0.76967233 |     -0.26967233 |     -0.57868933 |   -35.3584095 |  -160.6909217
   71 |     -0.57735027 |     -0.57735027 |     -0.57735027 |   -35.2643897 |  -135.0000000
   72 |      0.16666667 |     -0.30901699 |     -0.93633900 |   -69.4455573 |   -61.6600326
   73 |      0.66666667 |      0.00000000 |     -0.74535599 |   -48.1896851 |     0.0000000
   74 |      0.16666667 |      0.30901699 |     -0.93633900 |   -69.4455573 |    61.6600326
   75 |      0.35682209 |      0.00000000 |     -0.93417236 |   -69.0948426 |     0.0000000
   76 |      0.93633900 |      0.16666667 |     -0.30901699 |   -18.0000000 |    10.0928405
   77 |      0.93633900 |      0.16666667 |      0.30901699 |    18.0000000 |    10.0928405
   78 |      0.74535599 |      0.66666667 |      0.00000000 |     0.0000000 |    41.8103149
   79 |      0.93417236 |      0.35682209 |      0.00000000 |     0.0000000 |    20.9051574
